((("player-positions" .
   [0 0 0 0 0 0 0 1 0 0 0 0 0 0 0 0])
  ("jersey_number" .
   [0 0 0 0 1 1 1 0 0 0 0 0 0])
  ("position_id" .
   [1 0 0 0 0 0 0 0 0 0 0])
  ("position" .
   [1 0 0 0 0 0 0 0])
  ("player_team_season.id" .
   [1 0 0 0 0 0 0 0 0 0 0 0 0 0 0 0 0 0 0 0 0])
  ("player_team_season_position.player_team_season_id" .
   [0 0 0 0 0 0 0 0 0 0 0 0 0 0 0 0 0 0 0 0 0 0 0 0 0 0 0 0 0 0 0 0 0 0 1 0 0 0 0 0 0 0 0 0 0 0 0 0 0])
  ("player_team_season" .
   [1 0 0 0 0 0 0 0 0 0 0 0 0 0 0 0 0 0])
  ("player_team_season_position" .
   [1 0 0 0 0 0 0 0 0 0 0 0 0 0 0 0 0 0 0 0 0 0 0 0 0 0 0])
  ("import-league-seasons" .
   [0 0 0 0 0 0 0 0 0 0 0 0 0 0 0 1 0 0 0 0 0])
  ("section_id" .
   [3 0 0 0 0 0 0 0 0 0])
  ("-1" .
   [3 0])
  ("league-seasons" .
   [1 0 0 0 0 0 0 0 0 0 0 0 0 0])
  ("games_idx" .
   [1 0 0 0 0 0 0 0 0])
  ("import-team-seasons" .
   [0 0 0 0 0 0 0 0 0 0 0 0 1 0 0 0 0 0 0])
  ("import-coach-seasons" .
   [1 0 0 0 0 0 0 0 0 0 0 0 0 0 0 0 0 0 0 0])
  ("action_id" .
   [1 0 0 0 0 0 0 0 0])
  (":division" .
   [1 0 0 0 0 0 0 0 0])
  ("league_node" .
   [5 0 0 0 0 0 0 0 0 0 0])
  ("team-seasons" .
   [1 0 0 0 0 0 0 0 0 1 0 0])
  ("division" .
   [5 0 0 0 0 0 0 0])
  ("league_id" .
   [5 0 0 0 0 0 0 0 0])
  ("season_node" .
   [8 0 0 0 0 0 0 0 0 0 0])
  ("coach_node" .
   [3 0 0 0 0 0 0 0 0 0])
  ("coach" .
   [1 0 0 0 0])
  ("coach-seasons" .
   [1 0 0 0 0 0 0 0 0 0 0 0 0])
  ("coach_id" .
   [1 0 0 0 0 0 0 0])
  ("season" .
   [1 0 0 0 0 0])
  (":results" .
   [1 0 0 0 0 0 0 0])
  ("import-actions" .
   [1 0 0 0 0 0 0 0 0 0 0 0 0 0])
  ("action_node" .
   [1 0 0 0 0 0 0 0 0 0 0])
  ("nrl" .
   [1 0 0])
  ("action_node_p" .
   [2 0 0 0 0 0 0 0 0 0 0 0 0])
  ("score_type_name" .
   [1 0 0 0 0 0 0 0 0 0 0 0 0 0 0])
  ("action_name" .
   [2 0 0 0 0 0 0 0 0 0 0])
  ("single_team_action" .
   [0 0 0 0 0 0 0 1 0 0 1 0 0 0 0 0 0 0])
  ("value" .
   [3 0 0 0 0])
  ("score_type_point_value" .
   [1 0 0 0 0 0 0 0 0 0 0 0 1 0 0 0 0 0 0 0 0 0])
  ("notes" .
   [2 0 0 0 0])
  ("values" .
   [0 0 0 0 0 1])
  ("player1_name" .
   [3 0 0 0 0 0 0 0 0 0 0 0])
  ("comment" .
   [1 0 0 0 0 0 0])
  (":had_action" .
   [1 0 0 0 0 0 0 0 0 0 0])
  ("action" .
   [3 0 0 0 0 0])
  ("float_name" .
   [3 0 0 0 0 0 0 0 0 0])
  ("failed" .
   [3 0 0 0 0 0])
  ("player2_name" .
   [4 0 0 0 0 0 0 0 0 0 0 0])
  ("player2_id" .
   [5 0 0 0 0 0 0 0 0 0])
  ("parent_id" .
   [5 0 0 0 0 0 0 0 0])
  ("actions" .
   [1 0 0 0 0 0 0])
  ("..." .
   [3 0 0])
  ("69700" .
   [2 0 0 0 0])
  ("12000" .
   [1 0 0 0 0])
  ("kc/join" .
   [10 0 0 0 0 0 0])
  (":team_id" .
   [14 0 0 0 0 0 1 1])
  (":lastname" .
   [3 0 0 0 0 0 0 0 0])
  ("create-unique-index" .
   [1 0 0 0 0 0 0 0 4 0 0 0 0 0 0 0 0 0 1])
  ("3278" .
   [1 0 0 0])
  ("3277" .
   [1 0 0 0])
  ("list" .
   [2 0 0 0])
  ("source" .
   [1 0 0 0 0 0])
  ("property" .
   [6 0 0 0 0 0 0 0])
  ("node_id" .
   [5 0 0 0 0 0 0])
  ("3276" .
   [1 0 0 0])
  ("nn" .
   [2 0])
  (":return" .
   [2 0 0 0 0 0 0])
  ("and" .
   [8 0 0])
  ("meta" .
   [5 0 0 0])
  ("vary-meta" .
   [0 0 0 0 0 0 1 0 0])
  ("false" .
   [3 0 0 0 0])
  ("quiet" .
   [2 0 0 0 0])
  ("nn/destroy-many" .
   [6 0 0 0 0 0 0 0 0 0 0 1 0 0 0])
  ("nn/destroy" .
   [4 0 0 0 0 0 0 0 0 0])
  ("keyword" .
   [1 0 0 0 0 0 0])
  ("if" .
   [6 0])
  ("pull-from" .
   [1 0 0 0 0 0 0 0 0])
  ("return-key" .
   [4 0 0 0 0 0 0 0 0 0])
  ("pull-ids" .
   [1 0 0 0 0 0 0 1])
  ("maps" .
   [3 0 0 0])
  ("map-list" .
   [1 0 0 0 0 0 0 0])
  ("bastard" .
   [25 0 0 0 0 0 0])
  ("pull-node-ids" .
   [0 0 0 0 0 0 0 0 0 0 1 0 0])
  ("vec-of-ids" .
   [1 0 0 0 0 0 1 0 0 0])
  (":node_id" .
   [6 0 0 0 0 0 0 0])
  ("recur" .
   [3 0 0 0 0])
  ("vector-of-maps" .
   [0 0 0 0 0 0 0 0 0 0 1 0 0 0])
  ("defn" .
   [1 0 0 0])
  ("3281" .
   [1 0 0 0])
  ("3280" .
   [1 0 0 0])
  ("nn/delete-many" .
   [4 0 0 0 0 0 0 0 0 0 0 0 0 0])
  ("3279" .
   [1 0 0 0])
  ("nn/delete" .
   [8 0 0 0 0 0 0 0 2])
  (":blah" .
   [1 0 0 0 0])
  ("set1" .
   [2 0 0 0])
  ("node-set" .
   [9 0 0 0 0 0 0 0])
  ("conj" .
   [9 0 0 0])
  ("for" .
   [2 0 0])
  ("nodes" .
   [18 0 0 0 0])
  ("find-all-properties" .
   [0 0 0 0 0 0 1 0 2 0 0 0 0 0 0 0 0 0 7])
  ("kc/where" .
   [5 0 0 0 0 0 0 0])
  ("time" .
   [4 0 0 0])
  ("coaches_idx" .
   [2 0 0 0 0 0 0 0 0 0 0])
  ("Taylor" .
   [2 0 0 0 0 0])
  (":key" .
   [1 0 0 0])
  ("key" .
   [3 0 0])
  ("b" .
   [1])
  ("map1" .
   [3 0 0 0])
  (":val" .
   [8 0 0 0])
  ("val" .
   [4 0 0])
  ("id" .
   [5 0])
  ("compile-query" .
   [0 0 0 0 0 0 0 0 0 1 1 0 1])
  ("idx" .
   [3 0 0])
  (":limit" .
   [3 0 0 0 0 0])
  ("option-map" .
   [6 0 0 0 0 0 0 0 0 0])
  ("check-index" .
   [2 0 0 0 0 0 0 0 1 0 0])
  (":index" .
   [7 0 0 0 0 0])
  ("key-name" .
   [4 0 0 0 0 0 0 0])
  ("read" .
   [2 0 0 0])
  ("meh" .
   [2 0 0])
  ("symbol" .
   [2 0 0 0 0 1])
  ("let" .
   [2 0 0])
  ("input" .
   [2 0 0 0 0])
  ("to-str" .
   [1 0 0 0 0 1])
  ("defmacro" .
   [1 0 0 0 0 0 0 0])
  ("testmap" .
   [1 0 0 0 0 0 0])
  (":d" .
   [1 0])
  (":c" .
   [1 0])
  (":b" .
   [1 0])
  (":a" .
   [2 0])
  ("interleave" .
   [3 0 0 0 0 0 0 0 0 0])
  ("vals" .
   [4 0 0 0])
  (":foo" .
   [5 0 0 0])
  ("bar" .
   [8 0 0])
  ("contains?" .
   [2 0 0 0 0 0 0 0 0])
  ("not=" .
   [5 0 0 0])
  ("true" .
   [3 0 0 0])
  ("not" .
   [7 0 0])
  ("true?" .
   [6 0 0 0 2])
  ("false?" .
   [5 0 0 0 0 0])
  ("woo" .
   [3 0 0])
  ("if-let" .
   [4 0 0 0 0 0])
  ("string" .
   [4 0 0 0 0 0])
  ("if-not" .
   [1 0 0 0 1 0])
  ("index-str" .
   [18 0 0 0 0 0 0 0 0])
  ("20" .
   [3 0])
  ("Zavala" .
   [1 0 0 0 0 0])
  ("do" .
   [7 0])
  ("lastname" .
   [5 0 0 0 0 0 0 0])
  ("limit-int" .
   [2 0 0 0 0 0 3 0 0])
  ("10" .
   [14 0])
  ("keys" .
   [6 0 0 0])
  ("first-seq" .
   [5 0 0 0 0 0 1 0 0])
  ("d" .
   [1])
  ("fq" .
   [5 0])
  ("loop" .
   [1 0 0 0])
  ("seq" .
   [7 0 0])
  ("q" .
   [1])
  ("count" .
   [15 0 0 0 0])
  ("rest" .
   [7 0 0 0])
  ("currs" .
   [1 0 0 0 0])
  ("AND" .
   [1 0 0])
  ("res-seq" .
   [3 0 0 0 0 0 0])
  ("curr-seq" .
   [20 0 0 0 1 0 0 0])
  ("foot" .
   [1 0 0 0])
  ("doseq" .
   [2 0 0 0 1])
  ("q2" .
   [2 0])
  ("n=node" .
   [10 0 0 0 0 0])
  ("println" .
   [3 0 0 0 0 0 0])
  ("res" .
   [19 0 0])
  ("curr" .
   [11 0 0 0])
  ("assoc" .
   [5 0 0 0 0])
  ("Integer." .
   [1 0 0 0 0 0 0 0])
  ("node/" .
   [1 0 0 0 0])
  ("dev2-text-query" .
   [0 0 0 0 4 3 1 0 0 0 0 0 0 0 1])
  ("format" .
   [4 0 0 0 0 0])
  ("3275" .
   [2 0 0 0])
  ("int" .
   [1 0 0])
  ("*1" .
   [50 0])
  ("second" .
   [3 0 0 0 0 0])
  ("node.*" .
   [1 0 0 0 0 0])
  ("re-find" .
   [1 0 0 0 0 0 0])
  ("re-matches" .
   [1 0 0 0 0 0 1 0 0 1])
  ("str/split" .
   [4 0 0 0 0 0 0 0 0])
  ("dev-text-query" .
   [0 0 0 0 1 0 1 0 1 2 0 0 0 0])
  ("n" .
   [2])
  ("n.position_name" .
   [1 0 0 0 0 0 1 0 0 0 0 0 0 0 0])
  ("position_name" .
   [3 0 0 0 0 0 0 0 0 0 0 0 0])
  ("firstname" .
   [2 0 0 0 0 0 0 0 0])
  ("jo" .
   [4 0])
  ("Jon" .
   [0 0 1])
  ("l" .
   [1])
  ("ball" .
   [2 0 0 0])
  ("s" .
   [4])
  ("to" .
   [1 0])
  ("text-query" .
   [5 0 0 0 1 3 1 1 1 0])
  (".*ball" .
   [1 0 0 0 0 0])
  ("val-str" .
   [3 0 0 0 3 0 0])
  ("key-name-str" .
   [3 0 0 0 4 2 0 1 2 0 0 0])
  ("football" .
   [1 0 0 0 0 0 0 0])
  ("n.data" .
   [3 0 0 0 0 0])
  ("n.slug" .
   [5 0 0 0 0 0])
  ("cy/query" .
   [16 0 0 0 1 0 0 0])
  ("name:Boys*" .
   [1 0 0 0 0 0 0 0 0 0])
  ("slug:boys" .
   [0 0 0 0 0 0 1 0 0])
  ("slug" .
   [16 0 0 0])
  (":" .
   [6])
  ("doc" .
   [9 0 0])
  ("nn/query" .
   [7 0 0 0 0 0 0 0])
  ("positions_idx" .
   [1 0 0 1 0 0 0 0 0 0 0 0 0])
  ("string-like" .
   [1 0 0 0 0 0 0 0 0 0 0])
  ("Football" .
   [2 0 0 0 0 0 0 3])
  ("string-to-search" .
   [1 0 0 0 0 0 0 0 0 0 0 0 0 0 0 0])
  ("blah" .
   [49 0 0 0])
  ("idname" .
   [2 0 0 0 0 0])
  ("sports" .
   [2 0 0 0 0 0])
  ("str" .
   [21 0 0])
  ("n.name" .
   [4 0 0 0 0 0])
  ("return" .
   [19 0 0 0 0 0])
  ("pprint" .
   [35 0 0 0 0 0])
  ("name" .
   [37 0 0 0])
  ("index-name" .
   [1 0 0 0 0 0 0 0 0 0])
  ("get" .
   [1 0 0])
  ("index-map" .
   [6 0 0 0 0 0 0 1 0])
  (":self" .
   [2 0 0 0 0])
  ("name:*" .
   [3 0 0 0 0 0])
  ("n=node:sports_idx" .
   [0 0 0 0 0 0 0 1 0 0 0 0 0 0 0 0 0])
  ("start" .
   [14 0 0 0 0])
  ("first" .
   [54 0 0 0 0])
  ("get-in" .
   [11 0 0 0 0 0])
  ("map" .
   [7 0 2])
  (":data" .
   [39 0 0 0 0])
  ("3270" .
   [2 0 0 0])
  ("cy/tquery" .
   [4 0 0 0 0 0 0 0 1])
  ("sports_idx" .
   [25 0 0 0 0 0 0 0 0 0])
  ("query" .
   [90 0 0 0 0])
  ("sql-position" .
   [0 0 0 0 0 0 0 1 0 1 0 0])
  ("sql-player-team-season" .
   [0 0 0 0 0 0 0 0 0 0 1 3 0 0 0 0 0 0 0 0 0 2])
  ("sql-league" .
   [2 0 0 0 0 0 1 2 0 0])
  ("sql-team-season" .
   [1 0 0 0 0 0 0 0 1 3 0 0 0 0 0])
  ("sql-league-season" .
   [1 0 0 0 0 0 0 1 0 0 0 1 0 0 0 0 0])
  ("sql-matchup" .
   [7 0 0 0 0 0 1 0 0 1 0])
  ("sql-school" .
   [1 0 0 0 0 0 0 1 1 0])
  ("sql-score" .
   [2 0 0 0 0 0 1 1 1])
  ("sql-game-type" .
   [0 0 0 0 0 0 0 0 0 1 1 0 0])
  ("sql-coach" .
   [0 0 0 0 0 0 0 0 1])
  ("sql-coach-team-season" .
   [0 0 0 0 0 0 0 0 0 0 4 0 0 0 0 0 0 0 0 0 1])
  (":score_type_id" .
   [0 0 0 0 0 0 0 1 0 0 0 0 0 0])
  (":action_type_id" .
   [1 0 0 0 0 0 0 0 0 0 0 0 0 0 0])
  ("sql-action-type-score-type" .
   [0 0 0 0 0 0 0 0 0 0 0 1 0 0 0 0 1 0 0 0 0 0 0 0 0 0])
  ("kc/has-many" .
   [8 0 0 0 0 0 1 2 2 3 16])
  ("sql-game" .
   [12 0 0 0 0 0 0 0])
  ("kc/with" .
   [20 0 0 0 0 0 0])
  ("t" .
   [1])
  ("sql-score-type" .
   [1 0 0 0 0 0 0 0 0 0 2 0 0 0])
  (":fk" .
   [8 0 0])
  ("sql-team" .
   [12 0 0 0 0 0 0 1])
  ("kc/belongs-to" .
   [2 0 0 1 6 14 11 1 0 1 1 0 2])
  ("limit" .
   [19 0 0 0 0])
  ("sql-action" .
   [6 0 0 1 1 1 1 0 0 1])
  (":id" .
   [2 0 0])
  ("kc/has-one" .
   [2 0 0 1 0 0 0 0 0 1])
  ("sql-action-type" .
   [3 0 0 0 0 0 0 0 0 0 2 1 0 0 1])
  ("sql-stat-type" .
   [3 0 0 0 0 0 0 0 1 1 1 0 0])
  ("sql-stat" .
   [6 0 0 0 0 0 0 0])
  ("sql" .
   [2 0 0])
  ("table" .
   [1 0 0 0 0])
  ("kc/limit" .
   [24 0 0 0 0 0 0 0])
  ("pp" .
   [71 0])
  ("clojurewerkz/neocons" .
   [0 0 0 0 0 0 0 0 0 0 1 0 0 0 0 0 0 0 0 0])
  ("clojurewerkz.neocons.rest" .
   [0 0 0 0 0 0 0 0 0 0 0 0 0 0 0 1 0 0 0 0 0 0 0 0 2])
  ("sql-season" .
   [6 0 0 0 0 0 5 0 0 0])
  ("sql-sport" .
   [8 0 0 0 0 0 0 0 1])
  ("nr/connect!" .
   [0 0 0 0 1 0 0 0 0 0 0])
  ("def" .
   [20 0 0])
  (":name" .
   [4 0 0 0 0])
  ("start_date" .
   [2 0 0 0 0 0 0 0 0 0])
  ("upsert" .
   [1 0 0 0 0 0])
  ("index" .
   [9 0 0 0 0])
  ("index-key" .
   [3 0 0 0 0 0 0 0 0])
  ("node" .
   [18 0 0 0])
  ("lookup" .
   [2 0 0 0 0 0])
  ("data" .
   [2 0 0 0])
  ("unique?" .
   [1 0 0 0 0 0 0])
  ("kc/select" .
   [43 0 0 1 0 0 0 0 1])
  ("kc/pk" .
   [22 0 0 2 0])
  ("kc/defentity" .
   [1 0 0 0 0 0 4 0 1 0 0 0])
  ("sql-player" .
   [6 0 0 0 0 0 1 0 0 0])
  ("db" .
   [9 0])
  ("kc" .
   [5 1])
  ("kdb/defdb" .
   [1 0 0 0 0 0 0 0 0])
  ("kdb/mysql" .
   [2 0 0 0 0 0 0 0 0])
  ("kdb/get-connection" .
   [0 0 0 0 1 0 0 0 1 0 0 0 0 0 0 0 0 0])
  ("kc/select*" .
   [1 0 0 0 0 0 0 0 0 0])
  ("player" .
   [15 0 0 0 0 0])
  ("declare" .
   [1 0 0 0 0 0 0])
  ("kc/table" .
   [3 0 0 0 0 0 0 0])
  ("kc/database" .
   [1 0 0 0 0 0 0 0 0 0 0])
  ("kc/entity-fields" .
   [1 0 0 0 0 0 0 0 0 0 0 0 0 0 0 0])
  (":firstname" .
   [4 0 0 0 0 0 0 0 0 0])
  (":slug" .
   [7 0 0 0 0])
  ("blitz" .
   [1 0 0 0 0])
  ("clojure.java.jdbc/get-connection" .
   [0 0 0 0 0 0 0 0 0 0 0 0 0 0 0 0 0 0 0 0 0 1 0 0 0 0 0 0 0 0 0 0])
  ("kc/fields" .
   [19 0 0 0 0 0 0 0 1])
  (":db" .
   [1 0 0])
  ("mydb" .
   [1 0 0 0])
  (":player_id" .
   [5 0 0 0 0 0 0 0 0 0])
  (":season_id" .
   [11 0 0 1 0 0 0 0 0 1])
  (":height" .
   [3 0 0 1 0 0 0])
  (":weight" .
   [4 0 0 0 0 0 0])
  (":jersey_number" .
   [0 0 0 0 1 1 1 1 0 0 0 0 0 0])
  ("players-seq" .
   [2 0 0 0 0 0 0 0 0 0 0])
  ("nn/create-unique-in-index" .
   [0 0 0 0 0 0 0 0 0 0 1 4 1 0 0 0 1 0 0 0 0 0 0 0 0])
  ("import-players" .
   [0 0 0 0 0 0 0 0 0 0 2 0 0 0])
  ("update-in" .
   [2 0 0 0 0 0 0 0 1])
  ("*2" .
   [4 0])
  ("map2" .
   [8 0 0 0])
  ("->" .
   [2 0])
  (":pts_id" .
   [2 0 0 0 0 0 0])
  ("kill-player-nil" .
   [1 0 0 1 1 0 0 0 0 0 0 0 0 0 1])
  ("359628.800583" .
   [0 0 0 1 0 0 0 0 0 0 0 0 0])
  ("weight" .
   [4 0 0 0 0 0])
  ("player_id" .
   [6 0 0 0 0 0 0 0 0])
  ("6440" .
   [1 0 0 0])
  ("compile" .
   [1 0 0 0 0 0 1])
  ("72" .
   [2 0])
  ("height" .
   [2 0 0 0 0 0])
  ("no" .
   [6 0])
  ("200" .
   [1 0 0])
  ("team_id" .
   [14 0 0 0 0 0 0])
  ("where" .
   [2 0 0 0 0])
  ("n.height" .
   [1 0 0 0 0 0 0 0])
  ("n.height=" .
   [1 0 0 0 0 0 0 0 0])
  ("num" .
   [1 0 0])
  ("nil" .
   [2 0 0])
  ("pmap" .
   [3 0 0 0])
  ("find" .
   [1 0 0 0])
  ("school" .
   [5 0 0 0 0 0])
  ("school-map" .
   [2 0 0 0 0 0 0 0 0 0])
  (":keys" .
   [10 0 0 0 0])
  ("school_id" .
   [6 0 0 0 0 0 0 0 0])
  ("schools" .
   [4 0 0 0 0 0 0])
  (":or" .
   [1 0 0])
  ("url" .
   [5 0 0])
  ("address1" .
   [5 0 0 0 0 0 0 0])
  ("address2" .
   [4 0 0 0 0 1 0 0])
  ("zip" .
   [5 0 0])
  ("phone" .
   [14 0 0 0 0])
  ("initials" .
   [4 0 0 0 0 0 0 0])
  ("mascot" .
   [4 0 0 0 0 0])
  (":school_id" .
   [5 0 0 0 0 0 1 1 0 0])
  ("state" .
   [2 0 0 0 0])
  ("city" .
   [2 0 0 0])
  (":mascot" .
   [1 0 0 0 0 1 0])
  ("venue_only" .
   [0 0 0 1 0 0 0 0 0 0])
  ("import-schools" .
   [1 0 0 0 0 0 0 0 0 0 0 0 0 0])
  ("nn/create" .
   [5 0 0 0 0 0 0 0 0])
  ("25456" .
   [1 0 0 0 0])
  ("559-898-6550" .
   [0 0 0 0 0 0 0 0 0 0 0 1])
  ("create" .
   [1 0 0 0 0 0])
  (":weeks" .
   [1 0 0 0 0 0])
  (":start_date" .
   [1 0 0 0 0 0 0 0 0 0 0])
  ("weeks" .
   [1 0 0 0 0])
  ("sport_id" .
   [3 0 0 0 0 0 0 0])
  ("season_id" .
   [14 0 0 0 0 0 0 0 0])
  ("nn/create-index" .
   [0 0 0 0 0 0 0 0 0 0 1 0 0 0 0])
  ("import-seasons" .
   [1 0 0 0 0 0 0 0 0 0 0 0 0 0])
  ("done" .
   [7 0 0 0])
  ("league" .
   [4 0 0 0 0 0])
  (":league_id" .
   [2 0 0 0 0 0 0 0 0 0])
  ("leagues" .
   [1 0 0 0 0 0 0])
  ("imported" .
   [9 0 0 0 0 0 0 0])
  (":sport_id" .
   [5 0 0 0 0 0 0 0 0])
  (":type" .
   [5 0 0 0 0])
  ("team" .
   [7 0 0 0])
  ("teams" .
   [1 0 0 0 0])
  ("import-teams" .
   [1 0 0 0 0 0 0 0 0 0 0 0])
  (":status" .
   [3 0 0 0 0 0 0])
  (":game_type_name" .
   [1 0 0 0 0 1 0 0 0 0 0 0 0 0 0])
  (":team1_id" .
   [4 0 0 0 0 0 0 0 0])
  ("kc/from" .
   [0 0 0 0 0 0 1])
  (":host" .
   [1 0 0 0 0])
  (":game_id" .
   [16 0 0 0 0 0 0 0])
  (":m2" .
   [2 0 0])
  (":m2.team_id" .
   [0 0 0 0 0 1 0 0 2 0 0])
  (":team2_id" .
   [3 0 0 0 0 0 0 0 0])
  (":m2.game_id" .
   [0 0 0 0 0 1 0 0 0 0 0])
  (":matchup.game_id" .
   [0 0 0 0 0 0 1 0 1 0 0 0 0 0 0 1])
  ("!=" .
   [1 0])
  (":matchup.team_id" .
   [0 0 0 0 0 0 0 0 1 0 0 0 0 0 0 0])
  (":t2" .
   [2 0 0])
  (":game.game_id" .
   [1 0 0 0 0 0 0 0 0 0 1 0 0])
  (":gtable" .
   [2 0 0 0 0 0 0])
  (":gtable.game_id" .
   [1 0 0 0 0 0 0 0 0 0 0 0 0 0 0])
  (":mgame_id" .
   [0 0 0 1 0 0 0 0 0])
  (":mtable" .
   [1 0 0 0 0 0 0])
  ("kc/subselect" .
   [0 0 0 0 0 0 1 0 0 0 0 0])
  (":t1" .
   [1 0 0])
  (":game_date" .
   [4 0 0 0 0 0 0 0 1 0])
  ("game-query" .
   [1 0 0 0 0 1 0 0 0 0])
  ("games" .
   [3 0 0 0 0])
  ("game" .
   [2 0 0 0])
  ("game_id" .
   [21 0 0 0 0 0 0])
  ("status" .
   [3 0 0 0 0 0])
  ("game_date" .
   [2 0 0 0 0 0 0 0 0])
  ("summary" .
   [4 0 0 0 0 0 0])
  ("editor_notes" .
   [0 0 0 0 2 0 2 0 0 0 0 0])
  ("game_type_name" .
   [1 0 0 0 0 0 0 0 0 0 0 1 0 0])
  ("team1_host" .
   [2 0 0 0 0 0 0 1 0 0])
  ("team2_host" .
   [3 0 0 0 0 0 0 0 0 0])
  (":summary" .
   [1 0 0 0 0 0 0 0])
  (":editor_notes" .
   [0 0 0 0 0 0 0 1 0 0 0 0 0])
  (":team1_" .
   [0 0 0 0 0 0 1])
  ("team1_id" .
   [1 0 0 0 0 1 0 0])
  (":team1_host" .
   [1 0 0 0 0 0 0 0 0 0 0])
  ("team2_id" .
   [1 0 0 0 0 0 0 0])
  (":team2_host" .
   [1 0 0 0 0 0 0 0 0 0 0])
  ("import-games" .
   [2 0 0 0 0 0 0 0 1 0 0 0])
  ("2007-08-25T09:30:00.000000000-00:00" .
   [0 0 0 0 0 0 0 1 0 0 0 0 0 0 0 0 0 0 0 0 0 0 0 0 0 0 0 0 0 0 0 0 0 0 0])
  ("an" .
   [6 0])
  ("646" .
   [1 0 0])
  ("kc/offset" .
   [2 0 0 0 0 0 0 0 0])
  ("100" .
   [2 0 0])
  ("501" .
   [0 0 1])
  ("1020" .
   [1 0 0 1])
  ("1024" .
   [2 0 0 0])
  ("1025" .
   [2 0 0 0])
  ("1023" .
   [1 0 0 0])
  ("0000-00-00" .
   [0 0 0 0 1 0 0 0 0 0])
  ("00:00:00" .
   [0 0 0 0 0 0 0 1])
  ("3323" .
   [1 0 0 0])
  ("3300" .
   [1 0 0 0])
  ("kc/aggregate" .
   [0 0 0 0 0 0 1 0 0 0 0 0])
  ("kc/exec" .
   [0 0 0 0 0 0 1])
  ("kc/exec-raw" .
   [1 0 0 0 0 0 0 0 0 0 1])
  ("nr" .
   [1 0])
  ("nrl/create" .
   [11 0 0 0 0 0 0 0 0 1])
  ("23" .
   [2 0])
  (":score" .
   [3 0 0 0 0 0])
  ("32262" .
   [2 0 0 0 0])
  ("3" .
   [1])
  ("25676" .
   [1 0 0 0 0])
  ("29005" .
   [1 0 0 0 0])
  (":period" .
   [2 0 0 0 0 0 0])
  ("15" .
   [1 0])
  ("nrl/update" .
   [0 0 0 0 0 0 1 0 0 0])
  ("6132" .
   [2 0 0 0])
  ("nrl/delete" .
   [1 0 0 0 0 0 0 0 0 0])
  ("score" .
   [3 0 0 0 0])
  ("scores" .
   [2 0 0 0 0 0])
  ("nn/find-one" .
   [11 0 0 0 0 0 0 2 0 0 0])
  ("team_node" .
   [13 0 0 0 0 0 0 0 0])
  ("game_node" .
   [4 0 0 0 0 0 0 0 0])
  ("period" .
   [6 0 0 0 0 0])
  ("import-scores" .
   [1 0 0 0 0 0 0 0 0 0 0 0 0])
  ("as" .
   [1 0])
  (":i3" .
   [2 0 0])
  (":i4" .
   [2 0 0])
  ("stat_id" .
   [7 0 0 0 0 0 0])
  ("player1_id" .
   [9 0 0 0 0 0 0 0 0 0])
  ("i1" .
   [4 0])
  ("i2" .
   [5 0])
  ("i3" .
   [5 0])
  ("i4" .
   [4 0])
  ("stat_name" .
   [1 0 0 0 0 0 0 0 0])
  ("in" .
   [9 0])
  ("int1_name" .
   [1 0 0 0 0 0 0 1 0])
  ("int2_name" .
   [2 0 0 0 0 0 0 0 0])
  ("int3_name" .
   [4 0 0 0 0 0 0 0 0])
  ("int4_name" .
   [3 0 0 0 0 1 0 0 0])
  ("stats" .
   [2 0 0 0 0])
  (":stat_id" .
   [1 0 0 0 0 0 0 0])
  (":player1_id" .
   [1 0 0 0 0 0 0 0 0 0 0])
  (":i1" .
   [1 0 0])
  (":i2" .
   [1 0 0])
  ("stat_node" .
   [3 0 0 0 0 0 0 0 0])
  (":has_stat" .
   [2 0 0 0 0 0 0 0 0])
  ("player_node" .
   [2 0 0 0 0 0 0 0 1 0 0])
  ("import-stats" .
   [4 0 0 0 0 0 0 0 0 0 0 0])
  (":count" .
   [4 0 0 0 0 0])
  ("count?" .
   [6 0 0 0 0 0])
  ("c2" .
   [1 0])
  ("delete?" .
   [1 0 0 0 0 0 0])
  ("destroy-nodes" .
   [2 0 0 0 0 0 0 0 0 0 0 0 0])
  ("9999" .
   [1 0 0 0])
  ("find-ns" .
   [0 0 0 0 0 0 1])
  ("find-all-properties-v2" .
   [0 0 0 0 0 0 0 0 0 0 0 0 0 0 0 0 0 0 0 0 1 1])
  ("ids" .
   [5 0 0])
  ("n.sport_id" .
   [2 0 0 0 0 0 0 0 0 0])
  ("has" .
   [4 0 0])
  ("set-string" .
   [1 0 0 0 0 0 0 0 0 0])
  ("skip" .
   [6 0 0 0])
  ("node-count" .
   [2 0 0 0 0 0 0 0 0 0])
  ("20000" .
   [1 0 0 0 0])
  ("merge" .
   [2 0 0 0 0])
  ("properties" .
   [3 0 0 0 0 0 0 0 0 0])
  ("*3" .
   [1 0])
  ("kys" .
   [3 0 0])
  ("set" .
   [2 0 0])
  ("flatten" .
   [2 0 0 0 0 0 0])
  ("bean" .
   [0 0 1 0])))
